0.0
0.0
1.0
100.0
2.0
120.0
3.0
150.0
4.0
190.0
5.0
240.0
6.0
300.0
7.0
370.0
8.0
450.0
9.0
540.0
10.0
640.0
11.0
750.0
12.0
870.0
13.0
1000.0
14.0
1140.0
15.0
1290.0
16.0
1450.0
17.0
1620.0
18.0
1800.0
19.0
1990.0
20.0
2190.0
21.0
2400.0
22.0
2620.0
23.0
2850.0
24.0
3090.0
25.0
3340.0
26.0
3600.0
27.0
3870.0
28.0
4150.0
29.0
4440.0
30.0
4740.0
31.0
5050.0
32.0
5370.0
33.0
5700.0
34.0
6040.0
35.0
6390.0
36.0
6750.0
37.0
7120.0
38.0
7500.0
39.0
7890.0
40.0
8290.0
41.0
8700.0
42.0
9120.0
43.0
9550.0
44.0
9990.0
45.0
10440.0
46.0
10900.0
47.0
11370.0
48.0
11850.0
49.0
12340.0
50.0
12840.0
51.0
13350.0
52.0
13870.0
53.0
14400.0
54.0
14940.0
55.0
15490.0
56.0
16050.0
57.0
16620.0
58.0
17200.0
59.0
17790.0
60.0
18390.0
61.0
19000.0
62.0
19620.0
63.0
20250.0
64.0
20890.0
65.0
21540.0
66.0
22200.0
67.0
22870.0
68.0
23550.0
69.0
24240.0
70.0
24940.0
71.0
25650.0
72.0
26370.0
73.0
27100.0
74.0
27840.0
75.0
28590.0
76.0
29350.0
77.0
30120.0
78.0
30900.0
79.0
31690.0
80.0
32490.0
81.0
33300.0
82.0
34120.0
83.0
34950.0
84.0
35790.0
85.0
36640.0
86.0
37500.0
87.0
38370.0
88.0
39250.0
89.0
40140.0
90.0
41040.0
91.0
41950.0
92.0
42870.0
93.0
43800.0
94.0
44740.0
95.0
45690.0
96.0
46650.0
97.0
47620.0
98.0
48600.0
99.0
49590.0
100.0
50590.0